Grafo Real
L = 6.01696735395189
C = 0.017329405989199805

Erdos-Renyi
L = 4.509664948453608
C = 0.022680412371134016

C/Crand = 0.7640692640692642
L/Lrand = 1.3342382245082631